9.634263132467967283e-01
9.630586691586787706e-01
9.907180719863447615e-01
1.013343288563657074e+00
9.868267493165392423e-01
1.001372048594336484e+00
9.666226964681519096e-01
1.038321331400813508e+00
1.055299920610047737e+00
9.980156583391432967e-01
9.983106328832938026e-01
1.013411346498621635e+00
1.075308532158411934e+00
1.002829886520021807e+00
9.532779858840068066e-01
1.048840553567713219e+00
1.026359207578994681e+00
9.623327437130457795e-01
1.023697704305481126e+00
1.098187749229806442e+00
1.024523629742056130e+00
1.015253068981891937e+00
1.050599320273569059e+00
9.823558335252104978e-01
9.455140689413802368e-01
9.741051948951949813e-01
1.014699559053874989e+00
1.019376096022631462e+00
9.210603176049685370e-01
1.074639198637109105e+00
9.528965915530999142e-01
1.023605384771298699e+00
1.002239788532995446e+00
9.844925117992135988e-01
9.557262193269262518e-01
9.795565718069930705e-01
9.846077495382422606e-01
1.032965490435419298e+00
9.745109688173568818e-01
9.980631968419675371e-01
1.010316466186633066e+00
1.021211159946160407e+00
1.018539495833884034e+00
9.829692636774087777e-01
1.011065375416712486e+00
9.898062038686801234e-01
1.034969015342866339e+00
9.934213892057744966e-01
9.548599957609668065e-01
1.001424565878851869e+00
1.004846276249556247e+00
1.004728091466078777e+00
9.884205813586941503e-01
9.714016301357202288e-01
1.022016929437397081e+00
9.975853403794240348e-01
9.830640917849948757e-01
1.036679639998861813e+00
9.321437488235081448e-01
1.001729442679683446e+00
1.007904346293066800e+00
9.905609618031729902e-01
1.029592368378676737e+00
1.013250557663747387e+00
1.034637116928588174e+00
1.020566973828397783e+00
1.003479569064525956e+00
1.032648086741373428e+00
1.003914591560187697e+00
1.034175758642458920e+00
1.009611860274119532e+00
9.933491059644605770e-01
9.902754211773240334e-01
9.679655373108322358e-01
1.008926457634403917e+00
1.035671597500345653e+00
9.942393323343341471e-01
9.851627465848318277e-01
1.023671813636356287e+00
9.934711201719759188e-01
9.903176182813767658e-01
9.978770463655740608e-01
1.000588185159307919e+00
1.001679046665564954e+00
9.844378060164593602e-01
9.877911733778325098e-01
9.912966819415303110e-01
1.019143753003220798e+00
9.829245851581052129e-01
1.005960608983574645e+00
9.940101381624343313e-01
1.023632493693277246e+00
1.001345332598014615e+00
1.043242184605676526e+00
9.921086773251499569e-01
1.072766730010074943e+00
9.855571061987108417e-01
9.897427584794186162e-01
1.026512757497081818e+00
9.722308754267438013e-01
1.025893071076145358e+00
9.952116427162289725e-01
9.751611670236430829e-01
1.004592520583623916e+00
9.821460669639507923e-01
1.019830989783181652e+00
9.893067668857822294e-01
9.741007026291524928e-01
1.004773386989636030e+00
1.004146902188598478e+00
1.005675835986426847e+00
1.010223649869371965e+00
1.045528369166704996e+00
1.008299293512591399e+00
1.021681171926624332e+00
9.807584467904640890e-01
1.006277557586314542e+00
9.749003392450564798e-01
9.811900100227430865e-01
1.011343137377903378e+00
1.015319982089566198e+00
1.004354050282953770e+00
1.008884693326466797e+00
9.952489216388118454e-01
1.013402477245124444e+00
1.038690856819774577e+00
9.872676352686409196e-01
9.793884776253513058e-01
9.301556209468976322e-01
1.029979967161325227e+00
1.039184075340710889e+00
1.027774656059199820e+00
9.704456748125199761e-01
9.722471773673039275e-01
9.519413419349251892e-01
1.000098004678393604e+00
9.950831566015694296e-01
1.063362762043104537e+00
9.721004570528174460e-01
9.845110725014315500e-01
9.826992322956724646e-01
1.045290545318875663e+00
9.442569994484885099e-01
1.002811324257531833e+00
1.038682775970585226e+00
1.001710257899406153e+00
1.015146798647552639e+00
9.394966071778656502e-01
1.064209731280704618e+00
1.013153656743852604e+00
1.002974450335923917e+00
1.053872198365982005e+00
1.007171114209331142e+00
1.030008790954981990e+00
9.905143264951447035e-01
9.970075584372684041e-01
9.675490373571686842e-01
1.052567559909721728e+00
9.659710058260363441e-01
9.613207097448008831e-01
1.016382532286137730e+00
9.908482940928532434e-01
9.729753542662105126e-01
1.006472639802940661e+00
9.808193253449100091e-01
1.014323207845693409e+00
9.666137515780804934e-01
1.006621979526082011e+00
9.683315868945451266e-01
9.850862884924765916e-01
9.781093872941060141e-01
9.737715495970312718e-01
9.955728628369910904e-01
9.578018614063027458e-01
9.655535066020199952e-01
1.039725155369841891e+00
9.580402151496291152e-01
1.025235065734669382e+00
9.827391351973255862e-01
1.000863308879290203e+00
1.041810441485262029e+00
9.636170204453230470e-01
9.624022526075370898e-01
9.876867304039138595e-01
9.981474678060492378e-01
1.017584297911871660e+00
1.027591464934353382e+00
9.837630223984532574e-01
9.962925190653600938e-01
9.473101151272281806e-01
1.005036966329539982e+00
9.595033997703762418e-01
9.786805551166753991e-01
9.587106819290647231e-01
9.938768567788544006e-01
1.028155742212984336e+00
1.007373643679075892e+00
1.010815319380215405e+00
1.002578595697454000e+00
9.854962292273745650e-01
9.682814319248254087e-01
1.024798266981026496e+00
1.034344704964609285e+00
9.615520173268378157e-01
9.574969639097595797e-01
1.035273094180035658e+00
1.053495064169992945e+00
1.055687268375325116e+00
9.667337441404222353e-01
9.801061767630380173e-01
1.020086740217637233e+00
1.010370678251320209e+00
1.015134732299172171e+00
9.634904901813834410e-01
1.053035817980370714e+00
9.738464640840583941e-01
1.050290276678222501e+00
9.590717688478613834e-01
9.636542861626730128e-01
1.034974824473584132e+00
1.030499489960320814e+00
9.588892321152718834e-01
1.053623097657839125e+00
9.575699067697005518e-01
1.025277677278407129e+00
1.011658362886672879e+00
1.019019960890006349e+00
1.010819202034146214e+00
1.013360432747269835e+00
9.985955352875236501e-01
1.025587083088751017e+00
1.036964709092836001e+00
1.011346620783239558e+00
9.818057989532565921e-01
1.010538243580378470e+00
1.000635356509476548e+00
1.049002345166593519e+00
1.018742815429477977e+00
1.020731273583216803e+00
1.027006498575530502e+00
1.005790137325828670e+00
9.638005575678980641e-01
9.996337842972458088e-01
1.015315382913948739e+00
1.031727402101927815e+00
9.731880414059365103e-01
9.850564142797550993e-01
9.831285306694291792e-01
1.003982740855360101e+00
1.048419363808405835e+00
1.000712286462626111e+00
1.004829467487278638e+00
1.014068435218553166e+00
9.203533540201840335e-01
9.997898669451779075e-01
1.055328145210468360e+00
1.008103963551286952e+00
1.000737499621618953e+00
9.767613466701926539e-01
9.666926795891903623e-01
9.917774475738729834e-01
1.032080799333715326e+00
1.004443994964191678e+00
1.023548803604941604e+00
9.769231107853980633e-01
1.005421274424094902e+00
9.530045932857860169e-01
9.671084565324994387e-01
9.869606734212620358e-01
1.001086748867562104e+00
1.005167699394430292e+00
9.748036610287894588e-01
9.793958815412869834e-01
1.031946813317101475e+00
1.013632999611802532e+00
1.004169871057188690e+00
1.009250007402170635e+00
1.037826725584566567e+00
1.043220958006327193e+00
9.696239368365229261e-01
1.021737701811355814e+00
1.058371686700052772e+00
1.011481401474037423e+00
9.983199325668433710e-01
1.002277596652692448e+00
1.035294073359089628e+00
1.012198650153193435e+00
1.014673517611676568e+00
1.015026874044663519e+00
9.702839893467380961e-01
9.961809047909258030e-01
9.837274255923946775e-01
9.993501868433861679e-01
1.030771965568000104e+00
1.039825805021027172e+00
1.072523480862602963e+00
1.032701415124488209e+00
1.027462756379518227e+00
1.007875241477648620e+00
1.026204449197450463e+00
9.644677015122656849e-01
9.433093578636819743e-01
9.492191526694383485e-01
1.018631322108426440e+00
1.014978196420051937e+00
1.063755200731856032e+00
9.744365346032535236e-01
9.844362030655360307e-01
1.006030336010850457e+00
9.749927815386209007e-01
9.955584460685662496e-01
9.561223702892713838e-01
9.893347625109909504e-01
9.765847667527524090e-01
9.972743842355371591e-01
9.920054630265631168e-01
9.847801436078325032e-01
9.871777802988088713e-01
1.077534227209376638e+00
9.911903572178238919e-01
1.022252250404702023e+00
9.940066000223247711e-01
9.969955162285449868e-01
9.693368865315347138e-01
9.715307595747241232e-01
1.011029369926623511e+00
9.947789792264561948e-01
8.999597790384135099e-01
9.424337056896255893e-01
1.007923044566356952e+00
9.468682383916851020e-01
1.005120602706578881e+00
1.048038811549948601e+00
9.707219334286917301e-01
9.555297908168121079e-01
1.002464100172037353e+00
9.916764978337994085e-01
9.889787674771982617e-01
9.858525978020791225e-01
1.055466736594430133e+00
1.022082296669158952e+00
9.927709220889519015e-01
1.010251483605789868e+00
9.983290495573522438e-01
9.851144781402890738e-01
1.038741127268884012e+00
9.744560225344222060e-01
9.727520769540435319e-01
1.018011653048962240e+00
1.000534676585527416e+00
1.010021267459443539e+00
1.031490612998796408e+00
9.967891090340542659e-01
9.717915065871431946e-01
9.791386751763861973e-01
1.001796857006550301e+00
9.283728610395126646e-01
1.017731766301857688e+00
9.745394222630163750e-01
9.519854424461173803e-01
1.012716201441785646e+00
9.875124211998713708e-01
9.826156380281558800e-01
1.006071785317237621e+00
1.001662174963140473e+00
9.986704633205066850e-01
9.905151261807135787e-01
9.951442252557483048e-01
1.023454267942004670e+00
1.004428087800777636e+00
9.920950807933753834e-01
9.442132572841595017e-01
9.617157085909642245e-01
1.011358484068454411e+00
9.543662962033311326e-01
1.027254808945142983e+00
9.747546419313156685e-01
1.020102111824111368e+00
9.699603512040511077e-01
9.994647604627634463e-01
1.037993086528250508e+00
1.054818169313194831e+00
9.755168659910239404e-01
9.922155086404410573e-01
9.744546972454243283e-01
1.006792833469082549e+00
9.428082971389468714e-01
1.017285067740992366e+00
9.728052977828078873e-01
1.011468906430107895e+00
9.768779500142887873e-01
1.020693231961460334e+00
1.032643011493452612e+00
1.023421591793740371e+00
1.014390861186554860e+00
9.462301417491119082e-01
1.057590951083761110e+00
1.017551721719879509e+00
9.962787629070775086e-01
1.003966104538462689e+00
1.010556821619158274e+00
9.867000612688172634e-01
1.012145293927444234e+00
9.704615082051063490e-01
9.927145283625526950e-01
1.009849351059446620e+00
1.079831555468950821e+00
9.777057083578707397e-01
1.092444269864947692e+00
9.576546623742948627e-01
1.009443431970427740e+00
1.021485856360675459e+00
9.754073419157206493e-01
9.666956535360630154e-01
9.657568343604070460e-01
1.058487542025778883e+00
9.980194802860286041e-01
9.727090867240153482e-01
1.014218002984650591e+00
1.027591559551518374e+00
1.002009144933684981e+00
9.912274400807747909e-01
9.863266084722647209e-01
9.726381924204922091e-01
1.085206969833735657e+00
9.625294423782414510e-01
1.027568951466917069e+00
1.017389461903592363e+00
9.951671158768795600e-01
9.855361667830077055e-01
9.933551649014626950e-01
9.605325896410280562e-01
1.028561607628388996e+00
9.867361700479951869e-01
1.012841120690598284e+00
9.656441627560281571e-01
1.043690982073768980e+00
9.643332641867479182e-01
1.025147998973023666e+00
9.941064821874329160e-01
1.041510229985607161e+00
1.018893351291855875e+00
9.687895011314825444e-01
9.734516290017811713e-01
1.039580416888467029e+00
1.010662032100847485e+00
9.819410692774387384e-01
9.728120570558334013e-01
9.930476068718439020e-01
1.016156596005611812e+00
9.578800116226335870e-01
1.014921045505951636e+00
1.005503546500444711e+00
1.019509860810188240e+00
9.657858151485894105e-01
9.952321236585973674e-01
1.043988962588403568e+00
9.694009613821079618e-01
1.034317859095106984e+00
9.651981677642196278e-01
1.003290797320190553e+00
9.762775920863437928e-01
1.035580820204715868e+00
9.987147653875527720e-01
9.920642090483255959e-01
9.462155925022794900e-01
9.784014936530652795e-01
9.582946964843991333e-01
9.667947519128895495e-01
1.011317409250194643e+00
9.929084559802477949e-01
9.745566448942025728e-01
1.028707223012196526e+00
1.024438794704224831e+00
1.069782586079591091e+00
9.814729785028603049e-01
1.008234499008886065e+00
9.740923924792183053e-01
1.008499194261434972e+00
1.034106871122212334e+00
1.069760020936188827e+00
1.020073697766318954e+00
9.913447801145686133e-01
9.546985512015067066e-01
9.850712739978066956e-01
9.647663612175219061e-01
9.658176888069605059e-01
9.884473346193236587e-01
9.872343773010266998e-01
9.911732934136154860e-01
9.721570448897606243e-01
1.014213907300075324e+00
1.035246777994310197e+00
9.782279877355388731e-01
9.762011780479432632e-01
9.815278090993885263e-01
9.830438941947846621e-01
9.879080358056474553e-01
1.018696694766016986e+00
9.927524750165127587e-01
